56 4242955095
2 3 5 7 10 21 22 28 44 56 40 34 8 11 24 17 29 6 27 16 23 45 4 49 13 55 18 33 32 53 39 50 26 52 0
9 18 5 14 13 50 37 39 43 17 36 21 7 16 47 11 8 25 40 55 19 35 41 33 32 44 42 0
4 43 52 53 9 45 40 41 56 29 54 11 28 22 26 39 32 19 0
6 11 9 44 16 48 27 28 31 30 20 37 13 19 21 29 15 46 8 39 41 43 51 0
28 10 52 23 47 38 48 7 34 16 6 21 24 37 33 39 46 26 30 18 22 31 29 8 54 0
8 52 23 49 26 43 20 18 46 21 36 12 25 47 15 22 37 42 7 51 19 40 14 31 44 11 0
29 36 47 37 11 10 44 23 25 9 51 8 12 14 35 15 32 13 18 50 55 20 53 0
15 16 23 30 25 21 49 28 12 55 33 27 32 10 34 46 20 35 22 45 14 40 36 29 17 54 50 19 9 51 18 53 13 31 0
23 26 50 28 51 53 43 24 42 33 37 11 54 52 45 25 14 15 49 40 48 39 17 29 0
26 50 40 56 32 11 24 22 36 23 33 14 17 55 54 30 41 39 43 35 49 51 31 0
12 51 35 47 20 54 41 13 28 38 30 23 48 40 27 43 25 49 19 15 24 26 0
13 14 31 38 37 47 16 43 53 32 54 40 30 15 19 24 28 46 23 39 22 0
17 21 22 47 46 50 52 49 37 44 24 38 18 15 28 36 41 45 34 39 23 53 0
37 49 51 54 46 35 15 19 41 23 45 38 29 16 40 25 30 42 34 36 28 24 0
27 42 25 30 31 39 45 50 24 29 55 37 35 28 47 36 46 18 54 26 53 0
20 33 22 19 29 42 52 55 45 36 50 39 17 35 32 44 46 21 28 54 18 43 56 38 0
19 26 40 48 27 46 31 38 56 35 45 43 25 47 44 20 33 0
26 47 42 50 56 51 53 37 31 45 28 20 41 24 36 25 46 27 55 52 34 48 0
25 30 45 44 56 35 50 42 38 23 27 48 20 52 53 54 22 43 32 0
54 22 24 23 44 34 33 56 46 39 28 42 47 35 55 38 49 0
41 25 51 30 45 33 38 29 50 40 44 27 22 26 24 36 43 31 37 53 0
35 50 41 46 32 43 47 53 37 40 39 49 56 38 23 24 52 36 27 28 0
24 29 47 46 34 36 54 32 40 33 31 51 0
33 40 46 53 55 25 27 36 31 47 49 48 34 44 29 54 28 26 0
50 56 36 52 55 40 44 43 31 33 51 41 49 32 48 0
33 44 39 38 46 34 51 55 49 52 45 37 36 0
48 51 44 43 47 52 41 42 38 37 36 54 40 31 55 0
30 38 54 45 48 39 52 40 37 56 44 53 36 55 0
34 41 46 51 36 37 45 54 39 53 50 38 56 35 43 0
32 35 45 47 42 49 40 50 55 46 39 41 31 0
42 45 36 48 44 34 55 43 54 47 33 40 49 51 0
41 51 43 56 33 35 42 34 50 40 46 48 54 0
34 47 37 55 45 50 42 35 56 0
40 48 41 55 53 45 54 43 47 44 49 46 36 39 0
39 45 47 52 44 43 55 40 0
51 38 55 53 42 40 46 48 50 44 41 45 0
49 48 39 50 46 42 55 0
48 42 41 47 43 53 52 45 54 0
42 50 51 45 55 43 40 41 52 0
42 44 41 46 0
47 55 44 56 53 45 51 48 46 52 50 0
43 53 49 46 45 55 56 52 0
55 46 47 54 45 52 0
50 55 51 54 45 46 0
51 46 48 56 55 54 52 0
53 54 48 56 49 51 47 0
53 50 51 52 48 49 56 0
56 52 49 53 0
54 55 52 53 0
55 52 0
55 56 0
53 0
0
56 55 0
0
0
