209 4056387946
2 4 5 8 17 44 58 59 138 54 197 101 53 90 124 51 18 7 98 175 61 27 180 41 31 171 192 196 19 181 14 88 198 131 133 46 39 16 45 159 201 177 178 115 167 194 71 63 127 160 50 199 26 187 209 12 93 164 100 152 99 104 189 172 169 20 174 66 168 22 106 182 37 67 81 118 113 47 43 78 83 48 21 95 77 117 154 200 52 64 190 137 129 205 203 74 56 185 60 102 68 38 155 73 10 6 165 86 49 161 0
3 7 9 10 14 87 30 203 195 22 100 155 171 170 149 85 83 45 180 142 146 163 90 43 135 182 172 37 67 68 152 101 105 16 82 24 70 123 106 165 29 79 132 13 118 4 8 102 48 161 117 205 197 40 33 61 129 177 42 92 72 109 49 151 164 191 178 200 15 185 186 38 141 162 32 12 19 103 128 46 21 136 150 51 143 190 35 62 25 17 138 116 147 5 59 0
6 27 151 157 131 11 28 188 139 20 74 110 19 4 100 187 192 207 41 43 128 153 181 37 205 83 22 140 115 15 77 69 64 118 199 116 208 129 73 57 173 78 103 81 70 89 86 92 95 50 198 85 18 176 39 149 202 178 58 34 25 179 114 158 142 194 186 108 126 23 143 48 171 33 93 144 62 146 71 197 24 54 101 96 164 119 130 51 109 155 31 122 99 63 97 106 0
16 34 191 7 121 43 5 32 104 69 79 148 187 205 67 196 63 18 19 123 44 51 118 143 14 56 23 208 82 99 60 126 122 156 61 172 189 85 166 184 170 107 190 55 163 152 125 71 145 150 201 53 128 144 66 209 161 97 88 110 119 130 202 70 180 105 59 204 89 90 113 147 100 77 93 120 17 177 81 76 41 153 192 174 30 12 96 203 37 78 50 94 25 27 115 140 10 106 35 26 165 29 0
89 95 141 116 129 133 25 208 192 75 182 97 92 119 68 74 121 190 124 62 167 58 126 44 40 149 106 64 108 15 83 113 173 43 180 20 71 148 111 198 29 193 16 102 162 165 139 27 39 206 11 59 205 184 179 185 91 46 19 22 164 151 26 8 188 24 155 37 33 79 175 93 54 166 122 174 120 145 98 110 70 96 196 10 144 154 53 85 48 186 12 109 197 125 84 200 138 78 114 88 94 80 55 50 153 61 0
11 19 24 137 174 189 45 166 59 85 77 184 103 123 33 32 18 17 91 31 208 61 65 109 181 66 164 127 12 119 142 20 38 198 105 86 195 9 37 28 13 194 55 8 136 169 143 130 67 163 70 53 141 120 115 132 178 51 34 171 111 126 52 131 203 21 26 112 185 50 114 58 41 206 165 79 200 154 83 204 82 106 128 167 29 100 191 10 42 98 152 125 22 62 172 60 138 43 57 87 0
68 121 41 51 165 206 37 200 185 186 194 108 26 133 199 97 111 48 144 47 56 112 207 14 201 34 43 30 192 203 95 124 110 75 174 164 35 196 59 36 204 77 149 102 173 118 49 182 190 109 137 208 101 115 50 146 86 69 85 96 39 60 172 8 187 138 100 125 197 106 154 29 54 127 128 73 113 139 80 142 168 131 175 141 74 78 156 90 76 46 161 63 82 64 55 89 151 0
12 15 45 155 29 88 66 186 16 172 52 122 67 168 140 104 60 205 57 21 133 118 131 177 92 163 145 193 151 191 54 153 17 51 28 196 23 147 179 59 129 56 164 36 167 110 31 74 10 120 77 102 25 159 46 35 94 109 127 143 197 152 169 207 93 105 174 206 49 116 75 173 44 128 72 204 24 199 70 187 14 39 124 195 158 154 161 42 194 125 209 20 146 101 85 142 27 157 156 0
49 53 116 149 168 197 104 34 94 150 31 148 158 169 102 85 15 69 74 24 156 90 123 172 118 133 54 19 171 84 136 21 176 183 189 58 200 18 73 66 113 64 25 93 40 163 144 165 135 167 186 28 39 16 47 174 41 140 72 44 17 151 192 98 185 194 59 131 198 209 145 87 100 50 166 77 206 138 42 179 137 81 61 97 83 126 132 20 27 134 105 139 92 161 120 63 124 115 76 121 48 195 103 86 99 182 153 91 143 55 0
18 22 42 182 13 112 63 43 195 24 151 200 156 207 77 46 71 87 113 75 106 174 97 167 69 49 164 170 54 172 64 26 193 27 146 99 67 60 57 181 209 12 150 36 122 202 166 16 199 186 178 100 34 126 196 184 149 192 161 74 135 128 129 45 142 168 88 31 17 66 105 127 198 163 109 204 50 92 185 81 141 175 85 11 72 144 70 89 93 177 191 125 130 160 136 103 21 104 179 176 153 76 0
23 26 28 90 173 31 138 103 16 104 169 24 130 80 119 86 188 195 91 164 207 27 122 145 92 30 37 141 151 97 51 125 82 98 62 194 13 14 85 12 100 49 38 129 148 193 161 191 190 176 52 165 77 32 202 162 153 124 132 152 155 83 133 73 123 108 127 29 59 111 174 74 40 142 159 185 112 44 166 84 106 171 136 64 109 34 196 99 95 150 206 36 110 156 139 186 67 163 43 0
13 62 97 94 110 26 108 142 91 29 20 135 98 197 83 105 114 17 51 148 68 208 170 187 133 88 100 56 203 55 102 174 168 30 81 58 157 18 63 155 165 22 73 14 184 59 28 181 139 132 158 137 50 134 24 127 145 196 122 84 140 128 147 65 42 82 46 43 162 78 179 129 121 31 115 33 112 92 77 109 23 119 107 74 131 202 188 79 136 152 153 76 163 146 86 143 116 171 200 41 0
25 184 65 146 18 150 49 110 161 135 188 112 139 85 64 103 99 87 121 137 17 179 204 174 73 76 148 196 109 180 53 191 185 24 39 126 115 138 67 122 16 154 143 203 71 114 202 101 52 141 155 119 183 54 88 156 43 26 105 80 38 35 104 96 100 89 20 107 136 205 92 175 169 84 162 199 190 56 30 59 117 195 29 163 172 46 178 47 14 133 187 40 36 98 173 193 125 61 158 44 50 0
21 30 47 169 99 122 181 148 95 39 145 133 121 38 29 17 162 195 126 60 184 191 202 127 165 146 112 18 149 52 79 67 63 176 183 156 105 75 159 157 185 92 74 175 153 128 192 150 188 84 170 114 207 173 87 73 70 40 78 107 64 204 68 82 209 111 136 161 20 28 134 16 147 103 66 193 208 179 96 203 135 140 178 58 199 91 182 177 62 166 206 55 56 42 36 172 187 98 24 0
55 135 136 163 158 193 67 175 99 54 100 190 101 194 65 151 20 74 181 81 68 179 95 42 110 126 139 157 106 180 127 121 128 41 111 146 43 206 105 172 118 33 29 183 202 137 46 144 19 76 156 86 66 79 138 120 39 207 103 53 152 34 130 31 60 205 64 150 141 133 186 145 154 38 129 108 199 58 168 178 191 80 61 83 117 198 142 174 147 51 40 97 52 204 69 116 0
72 122 47 80 62 192 180 118 188 205 177 51 200 125 44 204 173 84 175 208 156 178 136 194 117 103 38 166 138 167 155 108 39 52 137 48 76 26 78 97 123 21 161 160 187 101 27 88 55 198 199 41 184 86 31 90 124 201 94 132 53 87 89 33 58 197 191 75 150 169 159 67 139 42 153 60 146 45 109 196 193 120 79 63 143 91 113 183 106 59 40 68 0
35 66 204 108 52 197 40 87 180 128 115 142 69 33 28 124 37 43 101 134 160 199 48 143 67 137 202 65 190 184 41 125 122 169 171 71 173 117 103 127 185 63 170 24 34 155 140 107 73 110 187 201 25 111 133 91 119 121 27 114 148 205 191 154 182 176 183 132 49 193 109 151 22 89 79 174 70 86 38 78 77 136 209 195 30 168 76 94 178 31 144 196 19 130 0
20 33 75 81 126 191 136 118 57 91 133 208 103 162 154 80 160 68 61 108 47 152 110 165 71 142 112 106 174 58 181 101 45 139 202 157 54 153 52 89 98 29 63 21 199 179 143 182 83 96 88 131 19 74 161 66 22 164 206 26 129 144 87 107 72 55 176 93 90 120 56 82 175 43 188 48 186 128 92 137 49 53 105 159 102 37 207 41 23 0
32 41 169 46 98 85 112 161 79 199 179 47 94 162 194 189 56 184 86 154 43 139 34 31 160 107 74 20 42 53 62 38 100 201 127 27 113 78 208 35 140 67 168 138 119 48 115 150 92 29 57 141 188 121 175 51 58 200 180 157 193 135 23 152 195 30 146 136 129 50 202 173 93 156 196 24 55 60 197 26 88 37 170 181 71 164 185 155 134 133 77 39 187 151 123 149 142 45 80 111 174 73 192 0
92 153 206 33 205 194 139 116 129 25 110 90 38 201 107 40 154 43 99 176 184 85 28 131 190 199 164 113 148 60 93 132 141 32 203 127 158 45 143 119 51 187 130 147 192 114 76 24 48 120 56 152 81 31 193 98 74 117 41 182 189 80 198 65 78 115 91 157 149 140 104 70 36 135 118 145 71 47 188 208 138 111 134 123 202 95 0
38 189 109 42 114 163 172 150 63 82 71 190 106 62 73 61 143 120 149 87 181 182 139 76 66 133 51 50 141 177 60 100 77 113 204 151 59 64 209 41 186 103 166 98 152 28 156 92 43 132 91 65 121 39 101 119 115 37 29 174 90 117 129 185 111 153 168 58 25 36 147 208 96 135 35 125 54 88 173 105 107 52 89 70 30 0
69 91 161 195 100 198 32 105 179 142 191 96 52 152 180 172 207 126 118 158 103 84 55 60 132 101 33 48 24 196 64 194 166 72 170 167 157 114 89 80 95 188 208 164 109 50 160 98 168 173 125 197 30 62 31 133 46 107 45 184 34 124 116 153 123 42 171 113 97 139 108 63 134 104 53 176 54 35 174 38 59 187 145 122 77 209 169 0
60 65 161 27 45 80 190 170 83 187 85 179 73 69 167 175 100 75 137 29 180 41 123 173 188 117 38 63 119 154 66 194 164 143 116 70 131 157 59 208 95 132 198 97 110 47 152 67 183 93 141 32 151 196 145 118 166 165 50 172 121 42 189 84 136 37 81 108 112 34 26 72 127 156 155 178 129 174 57 111 148 153 28 209 160 171 31 86 124 202 138 35 96 52 101 130 140 74 0
36 57 49 174 125 31 113 166 41 45 82 209 108 63 137 187 173 169 98 162 177 54 128 208 175 197 133 93 167 110 103 127 170 69 46 143 33 96 107 196 72 68 116 77 198 122 168 185 95 40 179 157 76 194 131 201 53 37 119 205 118 144 136 73 91 79 102 106 43 32 38 148 129 191 26 203 25 62 190 52 132 192 147 164 90 183 61 83 35 186 156 48 159 138 206 85 0
46 204 54 26 190 126 194 169 45 94 55 131 119 95 32 35 183 118 52 74 78 63 161 88 123 125 98 37 115 180 97 77 186 208 168 193 179 103 102 82 47 205 128 173 113 66 155 135 69 40 105 110 139 137 191 124 197 51 170 140 49 79 203 152 187 41 141 174 87 38 111 198 48 81 150 189 171 149 157 136 185 43 177 67 116 143 65 71 201 132 44 85 30 163 120 0
52 81 166 84 80 113 59 33 66 34 161 98 57 118 195 209 127 43 149 110 90 72 157 55 100 119 36 152 45 27 65 49 172 204 144 167 79 75 147 178 86 91 89 40 31 56 96 139 125 105 199 53 44 93 129 133 196 111 126 189 201 74 94 177 121 135 83 142 138 108 115 168 200 120 67 176 131 76 39 29 164 71 148 92 70 188 141 104 192 42 163 102 160 182 193 173 156 99 77 0
29 70 71 61 126 135 194 179 115 55 106 147 130 173 134 41 151 101 37 142 42 192 150 28 92 117 152 187 44 98 110 50 163 159 199 124 52 155 183 168 121 138 99 127 93 64 104 73 139 160 66 200 100 103 35 169 89 84 180 53 177 185 129 69 205 78 95 30 189 166 76 114 182 108 136 34 33 31 49 57 68 122 125 109 146 97 172 176 107 47 197 140 111 137 0
31 37 43 178 121 87 177 109 67 196 185 143 96 146 39 40 50 131 76 68 187 172 86 60 116 95 193 114 147 127 32 198 139 204 34 181 42 33 165 188 101 103 63 194 167 61 192 66 70 180 191 125 75 81 136 58 99 118 52 156 195 72 155 123 46 150 49 73 30 184 104 126 79 62 77 45 124 84 176 141 65 197 90 170 91 130 199 161 64 108 132 0
51 113 91 153 56 163 156 116 170 138 109 36 96 123 126 52 122 199 74 183 128 198 117 31 134 85 101 60 97 76 192 189 98 55 129 41 200 178 105 187 70 50 42 75 181 193 174 106 32 202 102 69 65 108 84 54 137 142 57 44 92 196 78 171 114 186 176 179 169 86 188 47 61 157 30 140 166 77 37 136 177 145 195 194 205 135 0
84 118 142 144 182 60 151 178 192 64 152 181 52 65 70 79 139 132 193 180 189 111 74 158 150 48 191 113 153 110 126 194 67 207 104 185 119 42 129 124 140 73 51 90 162 101 209 184 172 108 59 164 31 54 176 174 123 160 202 97 188 179 86 190 195 173 40 147 134 114 183 203 89 170 197 125 154 63 163 199 167 166 92 109 66 155 121 38 149 44 116 49 34 105 0
157 100 136 174 193 49 72 158 154 58 54 159 59 81 134 55 57 73 128 133 139 130 119 38 92 205 191 180 189 77 102 105 161 123 34 56 177 107 67 90 97 51 74 84 76 37 141 80 48 200 137 79 147 118 170 116 192 42 169 171 172 93 129 52 143 121 163 150 144 108 99 113 165 98 35 103 47 173 164 209 60 125 122 111 109 63 110 151 185 117 95 0
91 127 42 147 52 65 152 170 202 51 196 148 186 39 172 54 50 198 191 166 129 44 179 71 89 145 82 83 35 126 161 130 135 78 181 58 118 112 45 96 168 188 169 194 62 144 176 200 171 201 86 90 61 103 177 110 192 77 85 164 94 136 116 38 66 40 121 67 183 189 108 134 75 140 146 156 53 185 92 182 160 165 46 143 64 197 63 0
138 82 110 117 162 163 63 177 100 158 198 195 66 152 153 102 50 84 146 128 76 139 175 61 41 148 190 179 90 191 71 129 207 81 133 67 208 182 89 91 188 181 160 36 159 55 164 120 149 101 104 154 62 143 98 184 127 87 44 170 53 51 203 199 42 201 122 194 185 106 119 132 168 157 172 173 125 180 40 150 118 197 0
39 148 43 84 204 123 135 66 112 196 76 180 41 65 172 55 96 209 58 185 151 160 126 69 155 100 60 208 195 75 134 162 117 74 142 170 197 51 92 131 137 54 206 98 139 158 191 88 109 145 93 45 79 138 104 141 105 124 182 188 140 184 129 82 36 90 46 175 116 94 102 118 52 110 133 168 113 181 78 91 203 70 53 50 144 189 198 83 199 152 103 147 161 176 194 0
114 133 44 205 121 170 57 36 204 40 76 75 83 84 176 112 54 140 193 194 143 199 164 101 175 39 158 91 135 160 127 178 119 162 172 167 142 188 58 74 108 88 85 78 122 148 209 97 77 41 111 126 183 37 113 171 131 56 64 156 177 128 150 87 180 79 100 43 189 59 159 52 50 182 186 169 115 157 82 49 73 95 139 102 124 138 96 0
78 126 169 205 208 151 203 179 84 103 152 107 87 145 174 181 88 185 111 47 65 194 93 147 133 144 54 92 202 136 56 195 141 108 178 135 79 45 192 184 55 130 209 70 154 132 60 75 89 63 71 80 183 46 59 97 190 193 68 57 105 131 114 99 129 82 134 41 48 182 52 53 38 166 172 124 96 159 74 155 171 122 165 138 143 76 127 62 137 109 207 128 197 140 187 153 156 188 191 77 90 66 204 0
50 107 68 116 78 85 150 43 149 168 100 60 117 82 179 144 103 167 76 101 81 69 75 87 62 148 95 156 61 124 80 202 161 197 77 177 46 88 53 175 186 40 183 142 127 132 200 110 58 115 166 42 121 191 163 129 176 112 125 152 106 109 173 99 92 193 38 122 158 131 48 143 180 154 205 123 71 147 128 141 98 63 74 45 138 59 199 51 196 83 0
40 106 168 183 178 120 152 190 45 85 105 91 199 193 117 196 51 56 135 137 99 62 195 115 184 98 162 86 194 165 177 122 131 164 130 153 125 89 155 71 140 157 146 169 79 64 181 47 200 111 161 94 87 54 133 108 102 83 158 50 201 187 159 205 127 46 144 104 109 150 63 59 97 185 103 95 166 172 143 53 182 160 77 173 68 197 55 69 80 70 0
187 78 153 177 92 130 195 193 100 133 120 209 49 58 41 110 158 71 52 54 184 140 87 156 129 75 112 93 148 125 59 113 189 70 115 203 200 142 95 83 55 101 170 185 192 146 152 51 73 136 85 40 56 72 191 167 144 47 171 90 63 151 138 66 109 183 61 155 65 57 119 126 149 204 77 182 145 178 69 176 76 147 131 179 134 143 165 45 202 96 0
129 150 166 53 82 174 161 76 197 74 178 56 172 42 149 127 85 186 145 65 94 116 140 141 90 120 46 160 167 208 184 43 62 55 88 81 75 80 102 136 171 156 47 128 99 196 135 100 105 107 66 104 137 165 142 177 155 205 115 92 60 173 112 154 139 169 45 195 176 68 44 78 158 132 61 48 41 0
54 67 82 130 153 106 162 161 156 66 187 194 111 180 62 69 209 56 100 143 112 197 182 200 163 132 198 126 53 170 142 73 94 119 188 47 149 201 123 164 135 121 49 45 103 90 109 116 145 195 178 204 84 133 160 124 205 60 91 83 150 46 104 58 136 113 63 80 168 128 183 76 105 146 110 87 48 155 175 177 79 193 196 199 0
53 51 159 64 168 110 44 170 108 124 134 181 76 207 179 87 62 138 67 136 95 198 148 149 133 153 80 99 79 125 206 121 70 145 144 166 61 97 158 139 78 111 191 182 135 43 72 115 146 154 116 143 160 201 96 185 77 85 151 122 86 57 101 120 184 142 114 203 118 197 194 129 112 74 156 83 90 162 199 172 200 209 117 0
56 96 95 116 47 118 137 175 89 121 192 181 177 169 157 110 150 51 138 93 180 190 74 106 133 164 183 87 163 73 189 168 162 167 159 127 119 88 75 176 52 196 115 166 67 61 62 69 188 156 191 139 145 155 66 45 142 120 135 83 182 125 91 203 82 158 70 53 149 49 101 55 84 122 94 81 136 99 71 113 206 78 59 54 128 126 0
103 148 155 137 59 84 159 121 157 69 138 107 147 81 141 65 177 128 196 133 115 172 161 91 125 127 76 191 126 122 45 144 149 83 102 190 146 113 93 106 55 73 90 173 49 185 97 167 204 139 105 153 80 200 57 67 170 206 181 142 108 156 95 87 52 184 178 98 96 51 0
117 166 51 199 112 76 188 47 113 204 169 178 170 102 182 144 161 205 208 196 85 114 52 61 162 87 181 202 209 203 98 193 120 148 116 157 207 80 206 122 104 73 101 121 68 123 190 97 119 107 72 180 172 65 71 156 179 124 49 90 70 149 153 130 191 108 194 198 67 125 78 160 167 185 129 163 158 62 127 164 140 75 151 136 118 0
85 126 135 194 48 50 114 73 86 72 107 67 169 149 47 127 62 132 175 97 141 176 75 98 68 116 147 160 123 70 182 51 90 131 61 167 198 71 152 92 189 128 77 187 88 142 171 91 102 69 125 105 154 113 195 158 179 157 130 193 53 52 150 143 120 139 170 144 65 203 166 83 206 66 207 54 63 165 80 57 103 137 115 0
48 202 164 157 92 71 208 99 97 200 143 203 61 185 161 176 172 117 119 114 178 149 95 102 199 206 54 152 78 80 144 193 104 174 82 109 180 184 73 51 186 101 124 52 167 98 158 53 160 148 183 181 135 68 74 86 65 201 139 136 49 196 125 177 55 168 141 131 163 70 150 60 133 140 147 88 204 0
192 165 148 185 63 143 186 138 100 189 82 94 200 131 103 209 160 54 64 144 199 51 114 135 161 156 151 134 93 88 102 123 101 99 70 136 195 91 142 110 208 71 87 78 80 124 155 173 73 121 141 172 202 49 65 175 52 193 60 66 181 81 176 203 191 140 201 164 190 98 72 96 152 168 75 178 162 198 84 67 92 50 83 0
61 74 109 142 80 64 159 140 94 99 171 135 77 175 178 192 87 162 136 146 86 147 57 55 54 119 206 113 97 196 53 84 194 130 153 161 188 78 65 151 134 102 150 208 60 143 108 58 128 115 81 202 173 62 68 141 70 71 138 157 105 127 201 63 126 164 79 72 51 203 207 177 69 120 52 73 107 88 103 199 112 168 110 187 50 190 165 121 66 0
64 79 80 125 179 62 169 183 193 58 196 197 108 109 207 73 128 91 56 178 72 167 205 85 103 102 70 84 143 187 134 206 99 95 77 76 112 150 68 186 119 111 74 164 202 189 126 184 55 89 188 115 104 61 122 81 155 174 124 131 88 168 149 78 138 203 135 148 163 136 118 146 83 133 194 176 154 160 170 87 101 177 180 0
83 131 188 204 165 79 197 157 194 53 126 138 80 142 95 156 132 70 184 146 113 114 160 123 116 115 101 198 104 200 187 121 56 108 100 140 203 99 97 193 143 178 192 90 163 62 139 167 89 92 148 168 161 181 147 81 164 136 195 186 135 68 71 170 77 64 93 173 94 105 137 59 102 78 159 128 107 175 82 117 91 0
73 113 118 199 137 76 116 112 201 189 83 206 89 136 59 144 181 175 117 150 120 60 134 93 126 173 85 176 146 55 166 188 197 84 151 102 185 54 163 130 110 66 190 81 123 174 183 111 165 177 152 191 98 202 167 101 128 114 62 186 74 133 92 77 97 56 75 149 145 158 106 95 209 125 141 184 124 107 205 53 72 170 96 155 0
162 99 126 87 161 185 61 82 147 179 163 83 204 62 207 54 56 75 183 193 137 94 65 96 201 181 175 139 165 68 160 71 116 123 176 112 184 78 150 170 136 63 156 169 81 124 74 55 155 149 191 134 86 203 77 84 151 138 130 114 57 146 119 101 129 131 64 90 153 79 69 173 132 199 0
165 76 66 61 151 166 196 147 160 195 204 121 56 81 190 112 117 70 97 65 127 154 68 142 177 73 82 185 62 155 93 168 135 152 163 186 138 146 78 87 140 139 162 116 171 193 71 133 67 63 109 99 111 90 145 143 176 84 120 174 115 175 134 183 170 94 200 159 64 203 201 129 98 91 103 191 157 167 77 150 114 118 126 107 198 113 158 85 0
111 139 168 121 82 163 125 148 108 189 194 96 132 184 145 80 118 75 105 181 136 209 94 141 186 158 71 114 84 59 176 193 192 95 102 200 77 183 197 61 68 137 83 156 119 162 107 143 116 166 188 78 66 58 128 208 152 204 196 126 170 104 70 144 173 154 72 113 92 146 63 85 133 134 135 110 150 167 67 0
163 65 174 180 120 102 159 57 158 128 96 200 70 201 103 143 84 138 144 139 198 141 80 109 166 124 73 77 185 113 60 152 151 209 125 85 157 115 147 89 205 97 108 184 155 106 162 182 169 193 75 204 87 135 130 197 67 191 199 100 79 165 183 78 105 140 71 94 93 107 172 0
71 81 109 208 194 180 199 139 176 162 188 59 190 70 78 116 89 99 126 79 135 83 90 149 87 178 177 105 161 182 154 148 111 171 140 68 102 187 129 101 110 151 124 118 156 96 95 164 205 133 141 179 145 65 137 66 184 100 120 119 125 123 143 165 158 88 189 69 192 64 61 112 170 203 166 174 114 142 98 0
63 110 91 134 133 111 102 181 99 178 193 89 183 185 68 67 159 195 165 143 132 157 172 71 103 188 88 128 142 125 136 123 96 116 204 98 90 162 156 60 94 153 198 130 177 118 194 119 100 163 171 145 148 170 79 75 80 149 164 77 207 184 93 122 65 169 81 202 95 0
180 148 133 185 207 76 187 154 209 73 197 107 176 152 150 126 146 77 195 186 98 68 66 65 104 173 137 203 93 178 196 127 89 78 115 140 165 206 153 159 69 175 155 160 144 119 86 109 205 145 118 72 108 183 80 134 188 95 60 87 71 190 92 147 139 123 122 136 112 135 100 158 181 96 90 204 121 116 106 174 198 166 0
130 73 117 92 135 203 134 119 174 82 64 83 176 195 180 171 102 62 132 77 163 87 177 204 84 105 158 186 79 175 147 103 145 75 88 144 86 153 170 159 155 76 167 95 65 138 185 200 154 124 89 168 193 108 162 100 69 70 93 205 94 166 129 98 179 151 143 137 178 112 206 0
203 83 133 169 111 108 148 90 165 159 193 131 197 119 74 126 200 189 84 167 89 143 172 157 95 179 199 156 171 190 173 96 194 136 154 180 86 130 128 78 140 207 123 176 147 150 184 187 97 125 115 98 135 80 62 91 75 208 139 153 72 117 113 67 137 160 99 71 178 92 124 163 63 177 73 0
86 199 192 135 107 72 95 183 191 79 66 166 162 116 197 96 85 171 182 115 111 81 131 67 102 149 97 114 130 160 155 87 74 195 98 207 198 186 133 121 63 154 184 153 136 140 185 181 112 78 150 94 117 156 80 208 202 201 151 152 119 124 126 172 159 129 128 65 170 205 68 194 161 113 179 71 105 139 141 110 99 0
120 165 73 174 184 116 69 151 85 135 123 72 65 95 76 88 145 132 102 75 141 177 169 144 200 131 161 113 101 142 81 87 150 99 201 159 71 127 203 198 205 197 130 147 160 164 137 108 175 124 70 189 125 84 207 188 129 114 204 64 208 172 0
104 150 127 106 119 176 201 161 134 70 187 177 167 163 133 204 115 86 135 80 75 146 118 185 136 76 195 184 98 78 138 95 207 191 154 179 99 121 180 82 153 181 165 164 174 102 148 128 126 190 205 87 130 182 131 171 173 79 137 69 144 166 199 157 203 142 85 206 147 84 193 170 100 0
134 208 106 146 190 187 126 144 141 148 193 152 175 97 162 128 98 91 145 125 167 123 85 138 150 155 181 184 72 197 112 78 99 183 135 194 120 151 176 186 174 158 195 76 201 117 115 109 140 164 100 107 154 71 168 180 192 80 157 153 177 68 66 147 114 209 179 88 191 96 122 77 198 94 131 207 70 0
76 103 171 67 68 72 124 149 196 174 147 70 137 163 112 75 184 134 125 204 81 192 85 106 158 181 108 167 82 95 151 110 130 118 92 115 121 89 160 150 127 200 91 100 191 101 153 102 123 83 169 74 157 113 96 98 201 199 133 183 143 139 86 114 186 144 0
98 184 111 100 169 164 117 162 128 85 160 72 166 175 158 78 209 190 88 174 104 194 91 208 131 71 95 163 177 69 188 171 110 106 129 137 136 204 108 68 112 199 82 182 202 143 170 138 157 90 73 154 116 94 92 120 192 180 193 75 172 176 189 147 201 80 84 74 114 96 161 101 103 185 165 113 142 0
171 185 119 91 133 109 204 182 114 72 134 141 83 76 103 97 195 199 129 92 193 152 85 187 99 81 198 95 146 205 117 176 115 82 87 124 100 190 78 174 88 118 71 169 194 131 197 154 149 77 192 108 137 145 121 165 110 101 73 96 186 122 155 116 164 142 102 130 93 111 0
77 110 160 86 109 112 116 127 114 111 104 170 158 153 179 145 74 100 95 99 96 174 126 132 78 113 167 81 183 180 122 130 105 189 184 202 124 72 188 108 128 125 71 107 76 70 200 181 102 97 94 138 168 117 171 144 187 209 121 73 208 123 156 161 155 195 175 198 91 197 173 157 0
115 163 148 177 196 209 118 112 117 176 197 129 204 205 198 202 143 195 206 136 155 144 208 100 142 183 151 93 128 162 86 99 106 107 89 160 170 132 130 75 78 104 121 139 165 83 179 194 80 114 186 108 92 185 84 141 103 0
124 109 159 160 202 150 101 127 191 73 208 81 95 83 162 164 153 82 146 141 199 147 172 149 94 155 96 75 125 139 92 179 142 97 89 72 76 167 180 143 136 171 132 151 79 195 152 116 134 158 181 138 88 104 168 178 74 165 107 86 137 154 106 113 108 100 169 207 118 87 157 203 90 98 115 123 105 120 111 103 205 183 173 0
75 145 133 104 167 186 200 116 98 204 103 152 205 134 158 177 110 89 162 79 203 84 127 135 184 172 143 132 168 171 208 95 121 209 105 197 180 130 206 196 155 123 178 120 77 194 106 175 76 161 101 160 159 157 0
165 86 179 133 203 76 202 181 104 169 182 115 173 98 148 186 152 126 130 174 175 105 154 131 178 198 97 197 87 95 100 106 112 93 160 123 156 150 177 189 167 153 196 159 113 129 96 209 166 184 176 132 137 188 207 110 192 193 84 190 191 77 79 146 74 151 0
146 181 110 92 198 122 201 141 169 202 124 174 82 172 154 108 107 193 186 109 130 97 183 161 170 85 93 199 187 90 75 159 83 150 121 147 206 101 78 194 166 158 113 87 168 152 114 160 142 81 190 179 175 173 184 171 88 162 207 116 127 89 148 120 96 94 209 195 167 118 151 77 117 163 0
81 93 107 176 116 129 111 198 137 205 91 188 89 142 122 154 139 134 115 88 83 167 144 123 172 193 181 182 149 84 165 155 77 189 151 194 114 150 97 196 170 202 184 195 128 178 140 135 203 169 174 121 156 159 171 161 79 207 177 85 119 173 133 146 187 147 148 118 163 138 201 0
127 154 146 202 155 193 170 188 171 132 106 207 118 206 77 113 90 85 162 83 163 203 79 99 142 150 194 187 112 114 125 149 198 94 97 105 205 175 173 96 110 140 200 144 174 102 108 168 204 138 130 143 192 197 183 180 166 153 89 191 177 179 167 181 165 148 156 182 78 124 147 141 209 0
110 107 87 188 144 168 181 84 142 152 140 120 96 112 116 106 163 138 192 103 109 178 196 197 187 156 136 83 204 189 98 150 82 86 117 99 95 135 78 200 91 118 101 174 179 127 194 129 102 130 160 183 177 149 161 195 128 0
88 137 121 127 117 184 118 135 141 181 109 100 99 176 115 89 101 209 207 120 188 124 81 195 136 166 112 148 122 110 153 155 174 113 102 108 175 162 80 104 152 149 182 143 125 114 178 179 156 134 116 130 106 206 85 208 142 123 105 144 131 190 171 191 79 160 0
127 132 208 117 189 161 188 86 187 96 147 114 134 130 181 105 156 95 83 129 153 125 92 102 80 207 201 120 82 206 180 139 162 157 163 121 136 184 90 113 149 115 195 199 97 146 154 91 107 196 141 204 148 109 106 191 135 202 173 98 198 100 126 101 155 87 167 89 175 170 159 110 169 145 160 178 0
82 150 151 159 173 93 187 192 111 103 155 178 107 207 198 181 133 131 96 120 117 184 115 101 162 200 197 123 172 114 97 153 122 134 177 194 90 168 148 174 132 157 154 146 165 108 81 124 161 98 166 193 140 191 182 164 185 142 121 206 203 170 196 167 160 0
140 191 146 149 182 124 93 115 92 90 161 110 203 125 114 180 113 88 169 198 189 95 205 184 178 177 98 129 192 201 122 96 168 117 136 108 170 187 176 103 152 188 185 85 82 204 150 0
135 143 92 132 105 84 191 121 120 147 185 174 93 134 196 103 173 186 200 207 166 177 153 150 183 194 122 171 198 110 197 168 130 165 106 113 157 119 151 160 124 107 123 99 87 91 94 193 202 152 178 203 89 163 187 116 138 181 170 114 117 188 101 128 206 129 169 144 96 195 156 0
94 99 149 201 98 145 92 135 116 202 157 132 91 124 107 172 88 93 192 102 117 164 96 191 115 178 195 163 160 185 146 151 126 129 87 190 122 200 158 171 141 186 138 85 105 161 103 197 109 101 156 137 176 198 188 153 207 127 165 174 150 128 100 86 130 169 162 0
100 200 174 98 182 179 94 92 208 124 198 151 150 126 144 115 181 188 209 117 139 141 118 143 90 111 162 191 186 203 148 173 95 171 132 116 93 109 108 105 142 119 166 204 110 176 122 197 85 104 194 155 0
138 206 135 86 173 205 98 125 126 133 104 145 144 105 197 99 90 189 137 195 155 169 184 121 127 209 140 168 136 202 172 162 101 183 171 159 182 92 157 100 165 124 130 115 102 192 194 114 153 199 0
150 138 185 155 114 205 126 115 132 144 94 95 202 164 139 117 125 118 102 133 199 140 105 151 175 166 178 137 207 176 203 209 204 128 195 147 136 200 208 110 134 163 156 141 100 149 112 179 171 168 173 177 121 107 91 174 108 206 120 182 189 0
198 130 169 164 140 122 196 101 142 187 135 105 134 172 174 182 203 125 173 131 144 90 148 157 136 171 165 190 152 205 161 104 95 170 111 175 127 156 209 160 139 149 189 166 121 123 168 207 112 115 177 159 206 167 183 133 151 176 100 188 107 146 126 0
111 119 107 185 113 203 204 137 147 104 97 125 101 173 99 198 132 134 95 184 105 117 196 157 194 138 197 121 142 166 161 178 149 201 206 174 207 110 115 141 124 165 126 106 172 122 162 160 114 180 136 156 208 193 186 140 89 90 163 169 192 96 109 123 187 94 151 0
122 204 206 167 92 103 202 113 160 159 208 99 138 171 105 172 115 147 111 127 91 187 192 155 135 166 130 186 94 97 90 169 198 176 165 93 121 183 201 157 197 175 162 163 95 109 133 188 126 182 180 184 150 149 102 153 104 100 0
130 209 118 180 162 156 175 122 149 173 114 192 168 177 142 123 190 169 155 203 181 126 98 186 184 171 179 119 146 165 194 91 94 134 198 202 157 117 124 137 100 129 196 101 125 188 128 131 140 151 143 150 205 172 191 110 166 0
100 123 139 115 99 124 187 136 117 170 141 154 106 163 158 102 180 174 162 164 207 178 92 111 161 147 129 118 112 105 140 186 193 116 107 176 172 201 202 167 133 203 204 145 130 177 181 184 182 165 195 190 125 108 98 97 0
146 161 166 149 139 190 96 194 137 127 165 103 138 106 200 170 122 110 181 115 184 143 140 141 197 147 176 130 120 151 156 208 189 155 198 118 175 113 185 132 180 162 163 142 111 159 187 123 133 178 171 160 116 192 93 154 0
101 119 209 115 203 184 151 170 166 127 107 98 188 122 110 132 100 208 172 99 169 124 143 158 105 156 195 194 191 121 130 186 141 183 167 157 185 114 123 176 145 160 155 111 126 144 109 95 204 112 206 150 199 190 207 125 106 137 173 103 165 196 0
152 185 158 189 107 136 164 120 130 116 182 99 147 170 144 157 205 139 153 160 155 179 96 194 97 141 188 184 200 154 190 111 145 125 98 204 199 161 129 108 191 135 142 143 174 138 183 112 127 121 132 159 177 103 137 119 173 186 110 156 0
128 120 187 203 101 176 106 169 164 191 111 137 107 150 147 172 208 168 146 151 122 161 109 118 154 110 157 196 189 158 181 184 171 188 207 149 96 116 115 183 121 202 133 192 129 108 175 130 124 206 173 162 138 201 102 200 166 148 160 125 204 0
108 151 206 191 171 129 118 192 184 178 113 183 142 165 167 102 155 209 117 145 201 193 125 99 187 181 205 124 208 194 122 127 177 103 169 159 98 140 158 186 204 135 190 97 161 107 152 166 147 106 207 0
102 197 174 146 151 123 206 179 127 99 192 113 165 180 148 178 167 121 142 116 189 208 132 118 101 196 168 134 128 202 186 155 105 158 144 207 191 159 188 201 140 115 136 164 110 103 112 177 129 185 157 147 141 135 183 195 130 184 153 0
105 159 101 136 115 131 171 146 189 185 161 132 194 163 205 175 135 109 123 150 206 114 156 126 117 196 151 103 134 170 116 187 192 144 188 181 157 204 120 193 138 177 166 107 190 174 99 153 124 172 112 207 113 148 140 164 111 147 137 0
164 159 173 166 176 174 158 204 160 203 110 119 148 131 144 114 142 104 187 178 201 177 186 124 129 179 198 170 143 149 120 140 195 194 193 128 190 116 192 188 136 106 171 146 182 115 168 118 202 161 109 108 205 138 163 130 0
112 157 198 185 203 134 126 140 162 138 136 192 208 107 149 204 181 209 133 158 109 188 129 111 199 155 102 182 152 178 125 191 176 153 106 114 202 137 120 147 154 161 146 103 113 165 173 130 194 196 115 189 124 169 166 141 179 180 131 0
195 112 167 119 124 206 107 153 103 111 159 133 116 147 122 180 202 182 106 162 198 134 110 113 183 209 205 151 105 102 115 172 142 179 150 204 185 126 199 141 148 196 165 178 104 194 129 173 177 175 155 170 154 120 174 184 190 0
132 135 166 209 191 153 193 117 103 137 203 188 207 107 150 124 204 108 156 196 160 127 131 111 149 136 114 113 138 167 145 180 105 197 140 122 143 198 171 165 174 192 148 134 163 151 164 190 199 194 173 179 170 116 162 120 176 0
145 156 159 164 131 106 118 170 186 138 123 204 121 199 132 157 163 207 104 202 193 160 162 182 197 167 180 169 110 195 176 130 184 119 136 153 114 174 173 111 116 194 109 188 198 148 203 178 208 179 209 150 172 0
178 140 176 150 195 142 183 162 159 122 161 120 199 149 116 147 133 105 125 137 193 157 127 143 186 111 148 107 123 196 191 145 146 207 115 194 129 153 177 168 192 198 181 158 108 201 138 0
146 209 127 181 174 159 188 189 178 126 147 122 157 118 117 202 128 203 145 194 186 133 116 131 155 170 123 124 139 107 137 134 130 180 175 144 163 201 171 196 208 197 113 185 109 192 183 190 154 164 114 165 191 129 166 138 158 132 0
142 189 121 136 140 132 122 138 150 193 196 145 203 160 183 157 117 155 175 153 166 141 128 181 147 195 137 148 135 134 185 149 159 171 110 186 191 124 173 197 114 115 108 161 111 190 168 156 119 202 0
111 179 131 204 127 208 136 164 123 159 177 193 112 119 110 118 138 188 187 140 121 149 161 169 134 195 190 135 143 158 117 206 203 197 145 202 144 165 116 154 192 174 172 122 189 128 205 150 198 153 155 142 185 0
124 145 187 109 206 199 174 173 172 151 169 207 200 136 209 144 119 194 193 152 185 161 155 126 141 120 148 153 208 115 159 165 140 142 158 203 121 184 127 164 166 114 189 133 146 128 170 179 180 192 117 205 186 0
160 156 158 162 193 202 154 121 195 123 169 125 157 184 132 164 192 198 128 134 112 159 204 209 150 205 114 175 181 194 172 135 182 122 117 115 136 149 120 142 185 144 146 138 151 199 130 0
133 172 126 118 173 156 206 158 187 135 125 181 121 130 191 134 122 185 165 117 177 120 150 167 123 166 155 151 132 196 154 129 112 169 186 163 142 204 152 136 198 137 203 205 153 174 114 0
154 186 196 162 152 126 120 136 173 166 167 190 112 138 155 205 123 176 202 137 178 174 161 193 189 143 142 181 156 194 151 207 140 149 208 146 170 118 187 160 116 204 209 134 183 163 113 157 128 182 168 0
166 148 140 146 121 114 153 129 113 200 138 185 179 172 176 180 116 171 126 127 131 143 124 177 154 168 169 156 193 174 181 184 167 134 137 117 183 145 204 147 123 196 144 150 170 175 206 189 158 199 208 182 157 0
183 156 153 130 133 129 195 198 175 154 144 152 177 120 146 200 179 147 197 143 203 173 121 180 164 202 190 118 131 122 191 206 176 199 128 140 169 123 138 159 117 157 163 114 192 196 151 150 174 0
166 159 180 161 182 193 200 127 181 123 177 128 130 139 195 160 188 165 201 158 206 204 126 192 164 120 119 150 171 191 190 129 197 208 134 179 125 174 187 167 162 169 135 155 124 118 203 209 173 151 122 202 205 121 0
181 189 133 132 136 207 158 204 126 174 195 200 138 146 178 168 139 179 121 155 188 141 159 149 209 127 177 166 169 182 156 151 154 128 140 201 206 180 162 153 119 208 160 176 118 0
123 143 186 184 193 178 198 129 158 133 166 168 156 149 142 141 167 191 162 128 159 145 148 127 151 203 176 177 169 121 161 124 171 140 120 147 150 117 180 126 122 136 190 119 0
167 209 125 126 130 140 138 195 131 191 176 159 175 207 154 192 162 157 156 198 197 168 182 119 188 158 205 146 122 193 123 200 164 203 163 118 179 134 133 160 144 201 137 150 153 147 177 184 0
123 167 128 159 186 208 131 188 187 144 162 119 171 154 135 181 157 141 204 122 140 129 163 125 170 205 209 168 182 150 153 165 143 190 149 148 161 156 124 191 179 146 147 151 134 202 138 121 176 164 192 0
134 176 209 172 173 142 154 194 196 128 135 145 131 161 133 160 147 179 164 199 137 192 140 204 127 207 149 167 191 129 136 177 175 187 184 153 146 193 171 158 121 141 183 150 190 132 148 144 0
141 172 196 146 202 122 203 201 140 181 173 187 197 158 152 193 125 182 174 170 183 189 145 137 165 136 159 144 130 150 156 161 154 162 131 185 163 134 135 177 164 0
170 128 178 205 144 198 129 133 169 199 202 162 173 154 149 146 151 136 190 171 187 163 137 159 184 132 201 189 195 130 127 148 165 147 172 156 124 150 176 192 141 204 174 191 181 152 134 186 155 0
170 180 161 202 190 181 159 167 183 201 123 177 147 179 154 196 153 176 151 143 209 155 171 163 137 148 194 178 152 189 172 166 134 127 203 144 131 188 169 200 165 0
192 131 181 159 132 189 205 156 209 190 185 195 167 182 124 154 127 202 143 177 208 196 207 130 186 157 133 134 151 139 153 166 184 180 126 150 203 152 176 128 0
158 180 171 168 156 173 141 128 147 150 151 143 197 181 183 135 155 169 126 137 138 170 182 164 142 163 189 178 149 179 193 167 133 196 160 157 204 144 161 185 140 202 184 195 175 132 177 130 205 166 203 0
181 183 162 172 161 136 195 191 194 175 143 147 192 186 197 151 133 178 198 127 131 185 128 145 152 196 132 167 203 188 138 168 174 130 134 180 189 159 158 157 135 146 202 163 155 184 205 182 148 0
180 163 160 132 137 204 196 129 209 162 178 135 170 133 199 203 153 182 151 193 192 185 155 165 189 179 152 144 156 171 130 146 183 158 167 159 176 0
180 146 162 198 163 128 168 129 179 204 209 149 175 161 138 157 152 208 141 201 133 177 147 134 197 131 195 140 148 174 203 164 190 172 200 188 171 144 194 132 154 143 160 155 0
147 134 202 187 131 162 205 189 198 192 148 157 129 188 160 143 146 184 145 163 156 201 180 152 139 154 193 179 158 159 185 203 166 137 175 197 190 161 181 149 169 0
186 133 154 175 204 135 171 157 168 184 172 161 166 155 136 185 134 196 206 169 183 139 144 160 151 201 174 200 187 188 149 192 176 148 150 198 170 202 193 140 0
131 151 139 160 178 202 161 173 186 180 177 188 158 203 195 147 154 184 192 191 134 156 165 197 200 146 142 148 198 194 209 201 170 144 157 145 149 143 199 167 0
174 147 164 148 140 209 175 186 163 159 151 192 208 207 204 136 137 145 162 205 201 161 132 193 197 199 202 172 191 144 184 134 149 138 178 188 203 206 170 0
149 169 162 152 186 197 196 198 145 168 184 179 158 151 163 164 182 136 135 178 133 159 139 202 205 161 175 170 190 171 188 207 166 183 0
151 207 208 161 205 157 187 135 138 199 206 179 196 189 175 140 162 154 156 136 145 197 183 178 159 203 188 191 166 169 172 149 155 160 147 0
156 186 167 195 185 157 197 203 138 164 151 144 208 149 139 161 204 153 187 198 175 180 150 166 182 159 184 191 199 136 154 181 178 179 135 200 137 192 147 140 194 0
198 155 169 189 171 141 202 160 205 146 163 153 197 204 159 156 149 176 138 178 186 170 203 185 144 166 191 206 143 164 161 208 145 177 0
172 166 139 150 175 192 155 151 156 146 148 165 178 207 203 158 186 154 182 181 195 185 209 177 143 141 173 191 180 194 201 157 0
206 173 180 166 181 205 195 172 199 168 144 208 207 189 179 201 182 151 183 143 175 150 177 200 165 196 156 139 138 209 197 202 0
143 153 205 169 190 147 196 197 198 161 177 200 201 164 151 193 155 209 154 207 148 199 162 208 163 157 187 191 204 203 139 172 195 176 202 158 160 0
149 187 152 185 173 170 190 176 159 208 147 191 160 193 148 143 205 202 194 189 162 171 209 188 175 174 141 154 196 198 197 0
164 205 204 192 160 203 150 161 165 195 196 184 154 175 144 173 157 147 183 172 179 159 180 149 166 209 163 141 145 208 148 202 151 185 146 187 189 0
182 188 164 184 146 174 201 156 149 208 191 200 158 152 205 168 204 202 190 189 143 180 157 169 148 151 178 194 172 163 147 161 179 171 166 177 207 153 150 144 167 159 0
182 191 204 152 161 181 173 156 144 177 162 209 178 208 165 195 185 187 155 175 180 163 183 146 167 160 150 189 157 207 188 168 166 206 190 0
175 183 161 182 189 174 157 185 173 193 198 159 208 146 147 162 165 209 201 190 202 148 199 197 0
154 201 162 159 167 151 179 175 164 157 177 192 200 147 197 183 189 204 199 188 163 168 202 153 148 155 185 158 203 182 166 150 206 205 149 186 0
175 189 160 155 191 156 182 168 200 192 198 177 196 188 159 176 180 205 203 158 152 208 179 206 185 146 147 171 187 164 149 199 186 0
184 156 151 199 160 173 153 172 170 208 194 200 203 181 154 163 186 182 187 197 178 157 205 147 206 158 192 195 179 0
150 148 171 187 200 195 176 164 191 179 189 198 170 159 162 190 181 186 199 175 156 152 158 160 0
149 168 173 176 174 170 199 153 206 175 167 178 159 189 209 204 166 155 182 162 165 185 150 202 171 196 195 191 208 0
157 170 188 177 196 206 159 197 152 181 158 179 165 199 166 183 160 204 174 176 0
203 199 198 188 180 176 170 201 196 171 166 169 184 195 190 163 189 164 174 187 183 161 167 206 177 154 157 192 159 0
190 194 205 182 157 186 206 163 169 203 166 154 159 152 187 179 209 168 160 191 189 196 207 171 178 180 162 164 197 195 188 156 0
191 195 171 205 180 184 204 162 207 166 168 178 183 159 154 164 203 199 172 200 187 155 208 182 185 0
206 176 165 200 174 196 155 159 162 172 178 197 203 188 204 182 169 209 156 170 160 192 205 189 177 190 0
188 182 172 186 157 175 200 197 170 161 169 202 201 164 155 187 192 198 184 199 185 179 196 183 178 207 174 209 158 177 163 189 173 0
208 185 196 179 191 166 168 175 188 193 180 170 156 190 200 157 206 182 165 161 187 169 159 160 158 162 203 202 199 178 0
188 207 162 209 176 205 165 200 206 203 191 181 182 170 159 190 178 168 158 0
185 174 196 176 195 193 200 161 201 184 207 170 164 178 169 166 167 179 188 192 208 205 168 190 181 187 165 163 199 173 194 0
190 172 188 173 187 206 159 191 202 170 203 178 200 184 180 177 165 175 198 166 185 162 204 0
165 175 185 192 205 197 191 207 187 193 179 208 195 178 169 167 172 166 196 182 200 201 174 183 164 202 162 0
163 206 165 166 182 208 202 193 196 168 188 199 177 194 172 195 174 167 175 190 0
195 164 202 174 190 197 193 194 163 208 180 177 196 203 201 206 167 200 205 169 183 166 170 189 198 192 178 0
188 182 197 171 208 174 191 163 176 196 202 167 192 178 209 207 189 184 170 177 195 204 200 203 0
187 204 195 192 168 183 166 191 206 194 189 179 188 184 190 209 197 178 202 182 180 186 203 169 207 205 0
208 178 207 199 191 186 190 196 200 168 192 179 197 170 205 174 195 203 171 0
196 201 191 204 187 199 176 185 189 181 172 179 175 209 169 206 198 200 0
193 200 202 207 184 171 208 209 205 178 173 204 190 177 195 174 194 197 191 187 192 0
177 199 173 170 208 169 172 200 202 174 195 187 186 205 176 198 185 190 179 192 184 203 188 204 0
177 182 195 173 178 190 198 197 203 185 172 174 188 205 187 208 201 196 192 0
196 209 208 204 199 183 193 176 175 194 207 192 195 187 0
193 206 191 174 180 179 205 202 177 189 201 195 192 171 187 208 199 184 0
191 181 184 207 174 204 197 173 194 178 187 176 190 202 188 0
199 207 209 208 177 201 174 186 200 188 185 197 198 202 178 181 189 205 176 191 0
204 199 176 186 193 188 196 175 180 195 191 192 190 198 179 208 181 189 0
208 199 187 206 204 190 203 179 188 184 197 183 195 177 185 198 175 196 182 205 178 0
185 188 182 187 196 193 206 192 194 178 205 0
182 202 181 187 193 185 197 196 206 188 177 200 178 195 201 192 208 180 0
186 197 192 189 209 195 202 205 183 180 188 182 199 179 203 181 184 187 206 0
194 186 181 204 206 190 207 198 184 208 195 200 205 199 0
193 197 206 192 207 203 204 181 183 202 201 189 190 205 196 187 0
208 200 192 183 193 209 203 188 191 189 206 197 204 207 190 196 201 202 0
208 184 207 200 197 199 204 182 193 201 187 190 195 202 203 0
190 189 200 198 186 192 207 199 208 203 204 195 185 0
202 197 195 193 206 200 208 188 192 204 185 198 0
192 198 209 190 200 186 204 185 189 206 187 191 193 199 0
188 203 197 193 194 198 207 192 205 204 206 0
189 200 203 199 194 187 207 204 191 196 209 192 193 195 197 201 206 0
192 203 189 191 206 204 202 190 188 201 199 0
209 199 193 200 205 204 208 207 195 190 198 194 0
201 196 193 199 194 202 197 200 195 191 203 0
196 209 201 195 202 203 204 207 193 0
196 205 195 198 192 201 193 209 199 200 202 207 0
205 200 208 206 207 194 202 199 0
200 209 206 201 194 198 208 197 203 0
204 197 206 209 208 195 200 198 0
200 202 205 208 207 199 196 206 197 0
197 202 199 204 205 207 0
209 201 207 206 204 202 205 203 0
208 201 206 202 199 203 0
203 208 205 202 207 209 204 0
201 206 208 207 204 205 0
209 206 204 203 208 0
204 203 205 0
209 207 0
207 0
208 209 206 0
207 208 209 0
209 208 0
0
0
