47 2750094856
2 3 8 15 19 37 9 31 11 23 44 17 28 45 29 47 36 7 26 34 39 41 6 12 0
4 8 15 32 19 14 36 21 42 18 37 34 41 45 6 23 38 27 24 3 47 25 28 43 0
6 7 14 41 47 10 23 12 36 15 46 42 33 5 22 26 32 27 38 39 28 44 19 17 0
5 13 18 44 15 38 31 27 26 39 17 32 37 45 10 30 34 23 12 42 0
25 28 23 14 38 31 37 12 26 45 6 8 22 11 9 36 7 29 0
42 27 39 11 19 33 41 30 13 34 12 28 43 26 7 22 31 24 44 25 0
9 10 11 12 46 22 28 27 19 8 41 13 47 37 23 35 42 39 45 21 31 30 33 15 0
17 29 10 23 36 9 39 35 22 41 31 27 43 21 47 13 19 33 32 20 38 18 40 0
16 22 18 23 14 20 26 27 43 44 13 47 17 21 40 42 35 45 29 46 34 0
47 20 22 38 24 27 43 18 19 44 21 12 13 32 26 39 17 33 42 40 46 16 45 0
45 22 25 39 29 16 24 37 15 38 30 40 14 36 35 42 0
35 33 31 45 17 42 22 25 14 39 37 27 16 29 41 38 20 18 44 26 15 32 0
29 25 19 23 39 14 34 27 41 20 21 24 33 37 32 22 38 40 0
43 23 33 38 31 32 41 36 25 42 39 18 47 30 28 40 19 34 24 0
39 27 47 23 36 25 35 17 40 33 44 30 21 16 0
38 47 32 19 41 17 26 28 37 42 36 34 23 29 25 0
20 26 44 29 25 23 21 37 24 19 38 33 28 34 27 0
23 40 29 28 30 24 21 31 34 46 0
21 47 34 29 26 38 45 37 41 23 36 35 40 20 30 0
24 27 44 45 36 42 47 21 39 25 26 30 22 23 28 0
29 36 46 39 24 44 23 28 42 35 34 43 25 0
31 33 30 23 37 34 38 35 29 28 46 24 47 0
35 30 43 44 25 33 32 39 47 38 40 0
30 37 31 34 45 40 32 41 38 36 39 0
36 31 27 33 38 32 43 47 44 28 46 41 29 0
27 35 34 45 40 39 33 29 44 28 46 0
41 31 44 33 29 34 45 47 32 37 35 30 0
30 36 34 47 35 41 31 44 32 0
41 30 40 42 39 31 43 36 47 0
38 37 44 32 31 35 34 45 43 46 0
32 34 36 35 41 43 0
37 47 33 45 36 34 0
39 34 40 36 38 47 0
47 36 35 37 38 45 0
39 46 45 38 47 0
40 47 38 42 44 45 0
40 43 41 45 0
44 47 41 0
45 44 47 43 0
43 46 45 44 47 0
42 43 0
44 43 47 0
46 47 0
47 46 0
46 0
0
0
