32 3252029832
2 3 7 15 19 22 9 24 21 10 27 26 6 14 5 31 17 12 23 0
4 9 30 16 22 19 10 17 18 12 6 5 20 21 0
5 13 6 26 19 27 30 7 8 9 4 32 0
6 8 9 5 18 10 14 25 16 21 30 32 11 22 29 19 0
11 12 31 27 15 18 13 10 16 21 22 28 8 23 19 14 24 25 30 0
14 24 22 27 17 12 21 8 26 32 11 28 0
29 20 10 31 21 9 18 27 15 28 16 0
27 13 31 10 16 19 17 26 29 18 20 25 21 30 15 28 0
10 26 28 21 14 22 13 29 16 20 12 31 15 30 32 25 18 0
29 18 11 16 31 26 14 28 27 0
16 13 19 21 24 14 29 32 18 28 0
22 13 28 18 24 16 30 27 25 32 14 0
18 19 17 22 20 26 24 27 23 0
16 17 21 22 23 25 32 27 24 18 15 28 0
21 26 32 31 18 24 0
19 25 29 21 31 32 0
20 32 21 24 31 19 26 25 0
24 23 27 20 32 29 25 31 0
21 32 27 31 0
26 25 21 28 23 27 24 29 0
25 32 0
30 27 29 26 23 28 25 31 0
30 26 25 28 29 0
32 25 27 0
27 0
27 32 29 28 0
31 32 28 0
30 29 0
32 0
31 0
0
0
