139 2753137054
2 3 110 46 119 9 129 122 132 6 4 100 64 73 95 77 22 19 5 94 101 106 43 109 91 138 80 139 15 81 114 78 123 126 25 74 92 70 102 55 133 28 17 71 47 34 66 58 105 112 8 72 115 30 48 24 45 104 39 67 98 54 137 65 50 20 120 59 11 63 127 75 56 83 0
65 95 137 49 83 99 30 112 102 76 33 89 60 74 61 128 16 27 94 47 98 10 88 100 104 116 32 8 62 39 113 12 86 20 103 59 71 51 125 11 5 110 36 118 84 79 91 43 131 75 19 13 122 119 34 132 15 78 58 48 92 55 123 38 50 69 46 109 44 0
4 6 48 61 12 17 16 112 5 28 104 79 134 56 8 36 57 97 120 40 88 34 139 64 86 42 132 82 111 39 15 45 43 44 33 78 63 10 21 122 68 136 85 58 100 77 46 71 135 126 76 115 67 113 99 137 72 19 51 105 131 37 98 83 123 130 133 23 22 26 129 38 117 80 138 106 124 108 0
5 10 16 34 35 56 130 91 134 116 62 53 25 124 73 50 52 87 65 38 89 122 74 33 135 67 98 42 126 110 102 23 96 30 29 55 83 7 81 79 121 114 70 32 61 129 44 51 106 139 28 118 138 19 20 113 123 27 88 85 132 14 100 21 94 127 0
8 9 18 25 36 79 60 57 104 115 85 78 103 67 53 31 94 127 92 119 74 6 112 107 90 59 63 45 64 109 11 47 65 21 116 99 124 51 86 24 97 113 17 35 28 105 95 132 121 101 22 128 66 125 82 69 100 75 61 123 130 81 40 118 110 133 54 38 84 0
7 33 114 107 93 37 83 12 116 132 18 19 87 129 35 78 124 23 42 80 138 101 32 89 120 122 134 26 88 62 104 60 63 139 112 133 22 68 135 95 105 64 11 43 46 79 48 82 100 52 118 15 13 106 131 137 58 9 99 103 86 16 69 127 47 17 81 29 0
27 31 109 24 64 65 34 25 40 136 83 69 22 46 19 102 122 68 98 51 110 57 60 128 77 49 82 17 9 120 29 48 87 53 16 125 23 63 86 106 10 127 117 116 123 90 59 92 112 129 67 97 80 43 52 70 78 41 35 45 38 71 18 118 132 37 105 137 0
15 24 90 108 133 20 34 40 92 118 128 127 112 10 93 21 95 73 79 69 101 94 63 138 106 136 89 74 119 107 130 54 115 23 105 42 25 121 49 47 117 103 85 55 125 58 110 67 123 48 28 75 132 30 124 87 96 78 135 122 86 9 109 0
11 20 50 33 41 10 135 36 72 32 29 30 56 139 114 97 71 38 90 55 23 96 14 85 63 120 52 126 91 89 31 45 131 84 133 81 83 99 57 15 64 34 25 130 27 60 59 106 122 21 119 39 13 78 77 138 19 18 107 35 104 123 0
12 13 19 21 66 137 37 54 22 41 57 80 68 117 73 133 139 60 115 11 34 95 132 108 113 97 46 100 43 98 27 76 134 81 119 75 26 88 103 130 78 114 48 38 30 124 82 55 47 83 109 62 63 35 24 118 61 74 131 85 69 15 40 16 50 122 0
14 45 124 71 37 16 51 136 25 100 72 96 99 92 55 53 115 46 57 109 113 98 79 52 50 114 59 28 87 38 23 112 26 116 63 81 56 24 65 91 101 33 120 69 48 31 39 106 97 40 12 70 64 30 132 117 105 15 134 110 93 135 42 89 75 68 0
66 76 44 34 20 65 48 121 91 29 74 24 64 139 115 109 15 58 40 17 13 77 125 133 75 80 117 46 111 119 69 102 72 132 134 96 103 32 67 113 38 70 93 84 42 21 131 112 14 27 89 71 16 49 35 123 90 110 39 108 68 0
17 98 53 64 112 92 126 38 30 42 31 57 137 120 128 48 87 119 51 41 134 104 67 88 71 56 89 109 133 46 72 55 85 52 20 103 97 124 24 26 61 82 86 15 132 22 80 91 21 44 117 131 76 54 27 122 79 129 58 90 40 68 70 96 83 66 34 59 65 0
40 61 93 128 26 96 86 120 68 90 132 55 122 66 47 85 59 43 44 67 133 99 34 105 81 75 91 49 100 41 94 45 51 53 134 77 139 15 107 88 130 65 32 71 48 92 70 42 56 95 97 138 36 110 58 80 82 64 0
39 47 56 45 28 129 125 99 61 53 123 69 42 135 35 66 81 136 18 21 46 119 60 34 22 32 94 92 30 131 115 27 76 101 87 106 112 17 93 48 90 114 111 26 110 65 134 96 122 19 137 97 25 43 49 80 0
28 91 41 34 18 68 89 105 50 138 101 32 60 110 73 81 17 136 118 57 21 75 49 130 19 39 22 115 25 71 38 92 102 100 116 37 66 106 29 33 87 46 84 30 124 78 42 70 99 40 56 119 63 93 52 135 129 0
29 115 66 108 138 117 132 78 99 83 76 28 45 81 133 59 48 50 112 54 88 137 18 25 136 106 85 46 39 40 35 121 139 110 58 36 44 124 61 109 95 98 23 104 31 49 74 131 62 119 89 72 77 128 0
38 42 55 74 137 56 114 75 41 26 50 46 19 20 118 135 82 99 66 134 120 28 97 77 101 113 107 94 32 117 43 24 53 105 40 95 138 76 57 131 132 59 22 54 109 39 115 91 136 29 48 27 0
22 26 57 62 102 135 128 42 105 118 34 130 81 111 127 108 44 77 97 138 72 20 136 24 37 125 53 99 109 137 129 86 115 120 55 74 82 139 87 67 47 124 69 46 101 100 35 33 96 80 66 94 39 89 61 50 123 112 45 38 98 91 36 64 104 43 85 0
52 106 118 39 127 59 108 124 82 32 98 48 83 66 70 104 30 95 75 73 130 35 36 27 84 125 81 128 107 129 97 89 58 71 63 61 47 138 112 90 77 137 41 28 117 123 43 133 113 54 24 132 31 33 38 101 0
46 78 98 131 80 50 54 60 87 118 63 137 61 110 117 64 36 106 109 65 101 47 88 53 111 76 42 69 108 128 105 94 114 92 23 90 103 70 58 25 27 119 26 127 81 86 129 75 62 138 102 112 32 66 134 133 68 35 130 116 96 113 44 0
23 44 53 59 88 135 69 124 114 98 112 109 126 97 85 24 66 115 50 134 133 63 128 75 116 49 138 107 31 65 68 60 136 37 90 36 118 99 33 79 76 139 132 39 110 122 34 101 95 48 92 67 84 26 56 30 87 83 137 131 29 25 125 106 130 42 74 82 81 52 0
69 101 53 90 108 123 72 109 129 79 63 110 77 41 59 32 35 114 75 132 71 128 138 81 91 34 135 60 126 92 94 115 37 45 80 139 38 78 133 103 27 86 29 42 100 64 26 118 106 82 84 49 130 88 73 112 25 58 36 70 83 95 65 68 120 85 0
32 51 110 79 117 136 69 109 27 61 77 67 121 139 106 98 52 33 130 34 105 63 72 66 35 81 50 103 114 119 92 83 82 87 112 99 70 133 44 123 29 107 90 46 102 54 37 128 134 93 76 26 40 74 48 94 68 58 57 0
71 39 75 42 41 66 27 62 132 72 44 122 38 105 106 139 93 52 102 56 84 120 113 29 96 55 28 133 83 107 63 88 57 65 119 69 125 51 35 97 100 130 136 81 67 26 32 79 86 104 126 0
70 34 69 42 112 136 78 113 87 107 108 132 82 54 58 125 111 127 81 106 33 105 65 129 92 47 117 67 52 48 53 109 29 115 93 100 102 119 61 130 123 66 101 88 116 133 46 35 139 77 135 110 73 0
30 60 67 77 47 121 134 137 89 87 107 50 97 29 124 102 128 42 85 45 72 104 83 131 119 43 109 35 103 117 111 56 41 66 108 98 130 136 59 64 68 93 48 116 110 54 70 62 49 91 123 81 71 84 75 0
96 58 90 129 83 63 120 36 134 62 110 37 84 39 53 89 33 128 34 76 100 67 64 117 131 118 44 78 88 132 101 35 82 59 126 133 92 80 119 60 81 70 85 139 75 66 99 98 103 130 61 138 31 127 65 68 112 55 105 74 69 102 52 97 0
37 87 138 137 50 104 78 106 123 99 113 108 107 34 54 109 89 43 49 62 97 126 84 51 45 118 116 33 74 95 67 120 100 130 88 56 60 129 55 53 48 134 64 131 76 39 112 111 32 72 114 71 122 91 105 0
41 82 124 110 42 87 136 31 36 129 113 115 45 92 61 108 51 139 85 44 135 96 89 70 137 57 133 88 101 54 59 47 52 86 77 32 43 95 99 127 111 83 50 62 107 134 66 122 112 48 0
54 58 113 118 108 80 33 96 52 70 124 95 86 39 123 53 138 120 78 69 133 55 72 114 48 109 126 136 34 106 92 98 49 135 88 84 105 117 97 125 61 75 93 36 43 46 35 79 101 40 45 62 63 137 32 0
73 108 80 139 118 44 137 84 62 105 97 88 130 114 81 110 38 116 106 72 42 129 82 94 117 53 43 86 121 69 35 79 120 131 50 78 65 93 37 48 89 33 66 54 59 76 63 99 70 100 51 111 115 96 74 68 85 83 0
110 128 35 129 111 118 127 38 80 131 54 52 47 91 81 125 50 95 86 123 55 43 39 104 117 53 124 93 112 114 70 116 44 65 96 40 133 135 48 66 88 102 41 97 57 0
43 97 105 41 52 65 78 35 92 116 88 130 56 76 39 132 107 53 77 66 47 93 85 57 122 113 69 135 137 115 62 81 40 126 80 90 67 46 61 121 91 60 68 96 95 51 72 82 59 119 117 79 106 0
81 86 76 57 101 107 90 71 89 75 64 123 59 73 136 78 51 61 103 129 42 110 88 72 36 116 77 44 127 38 56 41 100 128 108 43 114 96 50 115 47 97 92 117 39 118 113 111 121 125 0
49 113 38 119 109 98 47 39 59 79 76 103 105 71 85 112 60 136 75 80 91 92 124 128 133 90 86 118 69 54 117 104 125 68 84 63 81 102 78 41 62 87 82 74 48 131 88 111 44 0
112 63 43 119 80 81 41 71 125 66 60 122 75 128 50 139 120 132 55 61 116 126 133 72 73 47 130 121 91 57 85 76 82 102 105 46 88 95 100 79 131 113 58 94 68 51 53 103 98 49 0
123 68 130 107 64 115 102 136 42 70 94 129 52 53 125 74 112 121 78 133 76 134 65 48 126 116 44 106 49 80 96 88 58 82 110 57 73 66 71 117 85 108 111 118 72 45 87 0
64 107 122 53 115 95 118 80 59 87 113 48 41 114 128 65 86 103 63 125 121 62 136 137 77 138 133 55 135 94 110 67 97 139 93 96 72 81 102 92 60 106 46 101 130 134 109 82 104 78 131 66 69 43 50 127 0
72 99 51 71 66 120 90 63 47 98 89 50 53 136 127 111 48 113 110 59 118 91 77 41 49 123 80 54 64 107 58 119 81 134 70 83 78 88 55 76 73 74 68 56 114 106 0
66 84 110 92 133 45 79 65 115 78 80 61 101 68 128 103 104 76 81 42 73 64 117 89 48 85 44 121 50 98 43 102 111 77 99 57 138 122 54 132 82 0
63 85 98 138 120 107 123 99 109 58 69 114 91 136 131 113 65 72 94 50 79 127 55 129 121 89 49 44 103 75 125 52 135 112 110 102 119 73 67 122 59 83 66 0
113 47 55 132 49 103 50 64 112 100 66 62 96 59 131 120 45 133 77 105 123 46 121 128 65 122 136 129 85 80 102 88 78 58 71 75 57 52 93 125 0
133 87 82 114 103 45 64 63 98 58 77 89 131 102 97 52 129 49 139 90 71 119 110 88 55 124 46 106 53 127 107 116 122 101 128 61 56 93 112 57 72 65 117 109 96 0
108 64 88 129 56 110 112 86 78 67 113 137 128 116 75 135 138 77 58 82 111 59 68 81 139 57 123 136 62 107 93 52 100 74 73 83 90 48 72 99 61 51 119 127 101 104 0
67 89 125 66 64 94 108 79 106 85 138 104 103 92 50 139 84 71 96 122 123 97 121 93 65 53 62 116 111 109 80 51 91 124 70 72 54 74 82 133 119 0
82 102 122 95 80 101 103 79 49 63 81 118 116 65 127 58 73 128 110 90 59 132 50 106 76 119 64 87 99 111 108 67 125 98 114 133 66 77 69 88 84 138 83 109 97 60 121 139 120 70 72 78 137 136 51 92 0
126 65 134 122 112 78 69 128 125 84 66 93 51 115 103 85 67 108 109 52 55 80 117 133 73 113 64 50 100 79 120 74 62 82 56 105 59 119 101 70 95 107 102 63 99 118 116 111 54 58 0
81 80 108 126 97 106 53 71 113 54 139 122 102 67 109 129 51 116 119 98 84 120 93 88 74 103 136 123 83 85 87 104 60 70 105 82 107 77 50 62 92 91 131 115 69 68 117 94 55 89 112 65 61 118 95 0
83 57 55 90 64 134 66 86 96 100 120 138 129 112 54 51 109 77 137 107 79 60 52 62 132 87 65 84 111 113 126 74 105 99 88 110 80 103 123 119 56 106 118 91 139 73 85 63 0
94 125 101 136 79 68 88 123 90 89 97 58 118 104 84 114 119 108 133 78 81 74 111 130 103 95 112 126 54 135 82 109 105 132 124 72 61 100 91 87 128 120 0
85 59 71 120 124 92 57 56 77 102 101 113 132 118 86 65 63 76 135 78 134 75 93 106 129 95 116 62 55 104 111 64 67 119 138 82 58 84 97 109 60 0
119 117 85 134 116 54 92 66 130 74 87 136 86 100 99 60 75 77 89 93 71 69 113 114 127 73 123 59 83 82 63 107 102 70 90 97 81 64 62 67 129 132 133 98 125 103 124 0
125 126 105 58 110 112 85 132 55 121 118 122 138 77 93 98 71 123 124 134 117 64 135 130 81 95 65 128 90 100 129 139 136 131 108 78 67 103 94 70 97 91 73 86 68 106 133 82 66 62 137 111 107 83 59 115 0
78 103 115 84 91 87 120 126 85 56 75 81 100 116 131 132 104 76 68 110 123 83 71 114 98 58 90 96 125 70 92 93 128 66 121 61 101 119 97 102 118 122 73 109 79 72 0
109 82 136 107 102 129 90 103 111 88 132 139 78 58 87 99 98 106 63 115 97 114 69 134 113 116 71 86 62 122 80 118 105 92 121 77 0
134 94 69 111 68 129 91 107 96 114 127 83 98 67 86 61 58 78 85 105 126 138 80 132 136 95 74 100 133 116 89 131 104 106 135 0
119 90 89 71 80 64 112 96 93 125 133 135 79 69 102 82 128 77 86 136 81 104 131 108 109 110 59 138 75 70 100 129 137 72 132 115 84 63 91 83 97 130 0
80 84 121 83 92 133 139 116 67 118 65 60 99 72 76 132 104 62 74 134 109 119 112 86 90 131 88 130 102 70 138 85 93 98 64 79 124 137 114 126 82 71 95 115 129 111 0
136 124 117 65 79 82 89 86 74 106 61 66 63 77 109 84 133 128 123 81 114 111 73 103 113 96 116 70 88 102 100 68 78 94 98 101 0
74 100 72 62 114 138 83 81 110 66 88 137 96 89 107 123 132 129 102 71 106 116 84 80 90 119 121 65 77 134 78 136 126 93 113 0
113 70 119 83 87 91 77 132 130 105 123 108 88 131 63 116 133 104 90 72 106 73 103 81 65 71 74 126 137 78 0
71 129 137 81 121 78 128 131 111 75 88 97 93 73 94 114 92 108 76 118 101 120 68 82 91 104 80 66 103 106 110 90 122 134 107 100 138 86 64 67 126 124 95 0
134 94 96 93 98 76 127 79 110 112 89 108 99 131 70 126 117 74 125 107 118 83 139 88 128 120 103 129 121 106 75 77 115 119 86 138 67 78 111 80 132 82 69 0
68 78 93 88 66 119 99 125 112 134 102 71 96 101 107 117 97 81 113 124 135 130 80 109 137 127 72 74 118 138 136 95 114 104 128 103 106 70 83 82 76 0
127 130 103 116 67 123 124 84 89 110 104 75 71 69 94 112 126 106 131 118 107 91 99 119 100 95 92 105 102 86 97 74 113 72 109 0
120 134 86 139 72 112 95 99 94 125 70 121 76 101 81 126 111 90 116 115 119 83 137 93 108 85 79 106 89 91 105 69 122 88 75 92 84 131 0
111 131 101 95 135 100 124 107 112 94 73 69 119 81 80 130 123 85 125 102 79 96 97 89 90 118 136 88 126 138 114 113 103 77 0
112 82 127 130 88 128 90 95 133 97 81 104 121 137 117 114 86 119 132 102 93 124 106 134 94 105 136 85 80 87 83 101 108 73 91 139 72 138 77 126 107 113 0
74 127 84 82 100 77 99 118 81 80 93 96 75 104 71 87 125 130 106 72 126 134 114 135 115 120 137 117 119 76 91 89 138 109 124 86 0
72 98 139 114 88 77 97 138 110 87 126 89 132 111 103 124 100 76 127 78 118 113 106 94 74 128 136 119 84 122 73 0
117 80 131 120 73 115 92 112 76 84 89 126 99 82 123 104 97 98 103 135 130 113 106 128 91 95 78 125 81 111 109 137 108 118 134 86 87 121 122 138 90 0
128 97 99 96 139 107 112 98 75 125 83 138 85 130 106 121 81 88 118 116 135 76 92 79 93 117 84 102 104 131 110 113 123 122 103 95 94 119 91 0
75 77 126 113 76 130 109 121 137 107 97 86 95 133 132 131 125 85 83 119 100 104 81 120 111 135 123 118 78 94 124 128 122 117 0
114 85 98 93 121 76 90 86 124 82 123 110 116 84 119 80 77 96 115 113 106 91 133 128 104 108 139 88 102 97 118 81 103 138 95 0
105 121 128 85 94 100 120 123 82 98 134 97 108 117 138 125 126 96 111 103 112 127 114 86 79 102 89 124 88 92 133 78 116 113 0
106 104 90 84 105 107 81 94 115 123 119 86 93 92 121 129 124 130 113 83 137 138 127 91 112 98 78 101 132 89 88 122 117 131 111 109 128 103 125 0
132 90 125 126 97 118 133 112 108 105 122 138 95 101 82 89 129 107 99 121 110 80 134 0
135 126 85 138 127 106 121 98 80 132 100 96 134 116 118 97 102 81 90 101 124 129 137 92 125 108 122 95 111 113 91 123 89 0
101 106 94 119 128 122 116 105 135 129 125 92 81 114 103 98 109 86 139 90 83 133 134 99 84 95 130 0
122 96 117 85 104 107 103 100 95 125 138 86 132 113 89 98 99 120 84 116 83 135 128 102 109 114 92 108 93 134 0
133 106 125 108 122 130 93 128 110 88 131 119 135 101 120 113 111 94 84 138 91 95 105 85 89 104 90 0
103 104 126 113 135 134 93 88 85 98 115 102 131 123 121 95 129 128 114 136 132 111 97 137 125 87 91 108 105 130 0
138 94 99 90 119 86 128 132 88 93 131 123 113 127 95 107 97 114 133 111 126 85 112 136 137 124 129 134 105 0
113 86 95 101 96 133 121 129 138 123 127 107 104 94 92 102 99 124 88 89 106 111 0
114 104 133 113 117 89 124 99 131 135 116 109 91 95 100 121 132 118 138 106 129 103 130 0
92 137 114 122 134 88 139 128 131 127 124 102 94 111 130 99 103 120 101 104 113 93 133 91 110 135 96 106 118 107 125 109 0
100 121 98 106 101 132 137 108 125 103 112 107 89 96 91 113 127 128 117 130 93 114 0
100 104 123 120 98 107 102 128 119 130 91 115 93 103 90 129 132 134 106 131 125 96 117 105 109 0
114 95 102 119 105 113 134 110 136 122 94 138 126 115 91 123 93 118 92 137 128 116 98 107 117 0
109 138 108 129 134 118 95 96 126 107 105 131 116 104 0
129 108 127 101 128 120 106 126 110 98 96 139 134 124 135 115 119 102 131 107 97 136 104 113 123 95 0
105 133 111 130 128 116 124 114 115 109 117 127 139 118 113 131 95 119 107 94 108 129 132 120 0
137 129 139 124 112 103 102 121 95 111 97 107 126 138 109 132 100 118 110 117 98 0
118 135 113 115 122 97 107 132 133 136 130 126 104 98 127 121 117 103 102 96 106 111 0
119 117 138 120 101 114 129 134 105 126 128 136 112 127 115 131 108 102 98 113 99 118 110 107 0
115 114 112 101 102 123 109 133 136 132 129 128 138 131 124 111 104 139 117 126 120 0
108 118 139 107 117 128 113 125 99 120 105 130 135 104 127 111 116 126 129 138 124 134 101 0
106 110 119 126 101 107 104 100 120 105 136 115 130 112 128 138 137 118 103 131 117 113 0
126 124 121 128 109 112 133 131 120 122 137 104 139 123 105 115 132 101 0
133 109 119 122 116 110 125 136 113 138 107 105 135 121 104 123 0
134 106 105 127 104 131 109 121 113 123 137 118 130 103 126 136 114 120 135 129 138 0
117 116 122 130 108 121 129 115 113 133 111 135 134 110 123 118 106 126 0
116 105 112 138 137 115 111 120 130 128 125 123 114 135 106 122 109 107 134 0
118 111 128 139 123 137 106 138 109 133 124 134 132 116 117 108 130 113 119 0
125 107 133 114 108 113 119 129 128 139 124 116 122 120 121 0
133 138 136 112 119 111 116 113 117 128 134 115 127 129 125 139 137 108 121 131 110 120 0
131 110 122 135 128 124 111 132 114 129 118 115 138 126 109 127 133 0
112 133 115 120 136 131 126 125 111 137 124 121 135 0
139 133 127 118 130 128 136 138 124 120 125 137 122 113 112 132 119 131 0
133 137 114 131 136 126 134 129 0
127 125 124 129 115 139 134 128 122 118 120 135 113 138 133 0
134 139 131 121 114 130 129 132 127 128 125 0
120 119 136 132 116 121 134 115 135 137 123 129 125 126 0
128 122 119 136 117 131 123 132 0
139 132 117 120 135 136 124 122 137 118 127 133 121 119 0
135 137 132 120 130 139 125 126 121 138 134 128 0
124 119 123 131 130 122 129 135 133 0
130 132 131 138 133 124 134 120 125 135 126 0
134 135 122 121 129 131 124 125 136 132 127 137 0
135 130 127 129 128 122 136 0
123 131 139 136 129 137 130 124 126 133 0
124 127 132 135 137 139 125 0
133 128 132 125 127 130 0
129 127 131 138 130 128 132 0
136 139 132 133 128 0
134 131 128 137 136 129 0
138 136 137 139 132 135 131 0
131 137 136 135 134 0
137 134 0
133 136 138 135 0
135 138 136 134 0
134 135 136 0
138 137 0
139 0
137 0
138 139 0
139 0
0
