26 2801527486
2 5 12 13 3 16 4 17 8 11 19 20 23 22 0
3 7 21 9 13 8 6 4 16 10 19 23 15 0
4 9 24 10 19 23 7 12 11 21 15 25 6 13 18 0
6 17 7 10 26 12 16 20 14 5 0
8 11 15 7 26 21 14 24 23 17 22 25 13 18 0
14 16 24 26 25 15 21 19 0
10 15 11 22 24 17 16 8 14 26 20 19 0
10 17 20 26 13 11 18 14 24 22 19 0
15 18 17 16 11 13 25 10 20 24 23 0
20 21 25 17 18 19 23 16 24 26 0
26 23 17 14 13 25 0
23 21 22 26 13 16 14 0
22 26 18 19 14 15 0
19 25 17 18 26 24 0
24 0
18 19 24 17 23 25 0
23 18 24 0
19 23 21 0
20 21 24 0
22 21 26 24 25 0
24 26 0
24 0
24 25 0
26 0
0
0
